6.296889781951904297e-01,1.400008946657180786e-01,1.466669782530516386e-04,-1.622239686548709869e-02,1.400008946657180786e-01,2.363037168979644775e-01,2.029895840678364038e-04,-9.440081194043159485e-03,1.466669782530516386e-04,2.029895840678364038e-04,2.859854077996715205e-07,-1.600731957296375185e-05,-1.622239686548709869e-02,-9.440081194043159485e-03,-1.600731957296375185e-05,1.306044869124889374e-03
5.793046951293945312e-01,1.833718568086624146e-01,1.448498951504006982e-04,-1.516509242355823517e-02,1.833718568086624146e-01,2.351316958665847778e-01,1.531663292553275824e-04,-7.376739755272865295e-03,1.448498951504006982e-04,1.531663292553275824e-04,2.173552786643995205e-07,-1.280192464037099853e-05,-1.516509242355823517e-02,-7.376739755272865295e-03,-1.280192464037099853e-05,1.090009580366313457e-03
