3.094174563884735107e-01,-7.896724343299865723e-02,9.152851271210238338e-05,-1.281446078792214394e-03,-7.896724343299865723e-02,1.996907591819763184e-01,-1.589836756465956569e-04,6.078054662793874741e-03,9.152851271210238338e-05,-1.589836756465956569e-04,4.208965265206643380e-07,-1.669308403506875038e-05,-1.281446078792214394e-03,6.078054662793874741e-03,-1.669308403506875038e-05,7.600171375088393688e-04
3.039086759090423584e-01,-7.175570726394653320e-02,8.274184074252843857e-05,-6.834454834461212158e-04,-7.175570726394653320e-02,1.729768216609954834e-01,-1.352204271825030446e-04,5.086545832455158234e-03,8.274184074252843857e-05,-1.352204271825030446e-04,3.980663620950508630e-07,-1.555078233650419861e-05,-6.834454834461212158e-04,5.086545832455158234e-03,-1.555078233650419861e-05,7.149660959839820862e-04
