5.174392461776733398e-01,2.732235193252563477e-01,-1.684735412709414959e-03,7.829052954912185669e-02,2.732235193252563477e-01,1.912091821432113647e-01,-9.754623752087354660e-04,4.437129572033882141e-02,-1.684735412709414959e-03,-9.754623752087354660e-04,5.891642103961203247e-06,-2.755784371402114630e-04,7.829052954912185669e-02,4.437129572033882141e-02,-2.755784371402114630e-04,1.346667017787694931e-02
5.250154733657836914e-01,2.605854868888854980e-01,-1.698544132523238659e-03,7.988110929727554321e-02,2.605854868888854980e-01,1.815496683120727539e-01,-9.454035898670554161e-04,4.314578324556350708e-02,-1.698544132523238659e-03,-9.454035898670554161e-04,5.955712822469649836e-06,-2.821885282173752785e-04,7.988110929727554321e-02,4.314578324556350708e-02,-2.821885282173752785e-04,1.408257521688938141e-02
